mgoldfar 101 233 189 70 127 
wyant 27 239 112 197 12 
fosters60 110 177 52 185 37 
mgoldfar 28 183 58 25 205 
wyant 180 152 170 31 186 
fosters60 179 82 118 191 24 
nangal 103 70 174 195 155 
mgoldfar 22 90 242 146 179 
mgoldfar 241 229 37 235 152 
mgoldfar 248 172 66 188 178 
nangal 163 111 9 95 93 471 94
wyant 110 49 18 179 5 361 72
wyant 128 67 241 249 229 914 182
fosters60 11 61 120 150 110 452 90
mgoldfar 228 223 92 47 4 594 118
wyant 27 167 44 178 106 522 104
mgoldfar 197 192 103 124 245 861 172
wyant 43 176 212 137 249 817 163
mgoldfar 59 0 21 234 197 511 102
hmotevas 111 152 211 64 23 561 112
