nangal 163 111 9 95 93 
wyant 110 49 18 179 5 
wyant 128 67 241 249 229 
fosters60 11 61 120 150 110 
mgoldfar 228 223 92 47 4 
wyant 27 167 44 178 106 
mgoldfar 197 192 103 124 245 
wyant 43 176 212 137 249 
mgoldfar 59 0 21 234 197 
hmotevas 111 152 211 64 23 
nangal 102 184 61 60 164 571 114
nangal 127 252 77 41 99 596 119
mgoldfar 28 47 38 35 41 189 37
mgoldfar 45 128 229 146 227 775 155
wyant 165 150 20 201 142 678 135
nangal 96 252 196 59 135 738 147
wyant 45 210 145 43 170 613 122
nangal 9 22 190 110 100 431 86
fosters60 125 233 161 243 20 782 156
wyant 92 163 107 215 94 671 134
