mgoldfar 189 78 221 19 37 
nangal 140 112 67 235 139 
nangal 143 102 211 46 198 
fosters60 61 130 132 20 13 
wyant 14 225 94 138 189 
nangal 118 248 52 183 195 
wyant 243 54 194 61 98 
hmotevas 181 166 114 195 197 
nangal 159 67 72 28 65 
wyant 221 125 98 253 78 
mgoldfar 101 233 189 70 127 720 144
wyant 27 239 112 197 12 587 117
fosters60 110 177 52 185 37 561 112
mgoldfar 28 183 58 25 205 499 99
wyant 180 152 170 31 186 719 143
fosters60 179 82 118 191 24 594 118
nangal 103 70 174 195 155 697 139
mgoldfar 22 90 242 146 179 679 135
mgoldfar 241 229 37 235 152 894 178
mgoldfar 248 172 66 188 178 852 170
